4
18
18
18
18
18
18
18
18
18
18
18
18
18
18
18
18
18
18
18
26
26
26
26
26
26
26
26
26
26
18
18
18
18
18
26
26
26
26
26
26
26
26
26
26
26
26
26
26
26
26
26
26
26
26
26
26
26
26
26
26
26
26
26
26
26
26
26
26
26
26
26
26
26
26
26
26
26
26
18
18
18
18
18
18
18
18
18
18
26
26
26
26
26
30
30
6
6
14
26
22
26
30
30
30
30
30
26
26
26
26
26
26
26
26
26
26
26
26
26
26
26
26
26
26
26
26
26
26
2
2
2
2
2
26
26
26
26
26
26
26
26
26
26
26
26
26
26
26
26
26
26
26
26
26
26
26
26
26
26
26
26
18
18
18
18
18
18
18
18
18
2
2
2
2
2
2
2
2
2
2
2
2
18
18
18
18
18
18
18
18
26
14
14
18
18
18
18
18
18
18
26
26
26
26
23
14
19
20
26
26
10
10
10
10
18
30
30
6
14
18
14
14
14
30
30
5
26
26
26
26
26
26
26
26
26
26
26
26
26
26
26
26
26
26
26
26
26
26
26
26
26
26
26
26
26
26
26
26
26
26
26
26
26
26
10
10
10
10
10
10
10
10
10
18
18
18
18
18
18
18
18
18
18
18
18
18
26
26
26
26
26
26
26
18
18
18
18
10
18
26
26
26
18
18
18
2
2
2
2
2
2
2
10
10
10
10
10
10
10
10
10
2
2
2
2
2
2
2
2
26
26
26
26
26
26
26
26
22
22
22
22
18
18
2
18
18
18
18
18
18
18
18
18
18
18
18
18
18
2
2
2
18
18
18
18
18
18
18
18
18
18
18
18
18
18
18
18
18
18
18
18
18
18
18
18
18
18
18
18
18
18
18
18
18
26
