0
0
0
0
1
1
18
18
18
18
26
26
2
2
2
2
18
18
18
18
26
26
26
26
10
18
18
18
2
18
0
1
1
1
26
30
18
14
6
10
0
12
0
10
0
0
10
8
8
8
26
26
18
2
18
18
18
18
14
18
26
26
18
18
18
18
2
0
0
2
2
1
1
26
10
10
18
18
18
2
18
2
18
2
2
10
18
2
2
18
2
18
2
18
2
18
2
18
18
18
26
26
18
2
18
2
18
18
2
18
2
18
2
18
26
18
18
2
2
2
2
18
18
2
2
2
10
26
26
26
26
26
18
2
18
0
18
2
18
2
18
10
26
2
2
2
18
2
18
2
2
18
18
2
18
10
18
18
18
0
26
10
18
2
18
26
18
18
18
18
30
18
18
18
18
18
26
26
26
30
18
18
2
18
18
26
18
18
2
26
10
18
2
18
2
18
18
2
26
10
10
26
26
10
10
2
18
2
18
2
26
26
18
0
18
2
18
18
26
26
26
26
26
10
26
18
18
10
26
26
26
18
2
18
26
10
18
18
18
18
2
18
2
18
2
18
18
25
25
25
25
25
25
18
18
18
18
18
18
2
2
8
8
8
25
25
25
25
18
18
18
18
18
18
2
9
9
17
17
17
17
17
17
17
10
10
10
10
10
10
10
10
10
10
10
10
10
10
10
2
2
2
8
8
17
0
0
24
25
2
0
2
0
18
17
0
0
1
1
0
0
10
10
10
18
2
17
2
0
0
17
17
21
2
10
8
9
2
2
18
2
0
17
17
17
2
10
10
10
1
1
0
0
0
9
9
8
8
10
10
10
10
18
17
17
18
0
0
0
0
17
8
18
0
0
0
21
0
0
0
17
0
0
2
0
0
1
10
10
8
8
8
8
2
18
26
18
0
18
18
21
0
0
0
0
0
17
2
0
0
0
0
0
2
10
18
26
17
17
17
2
8
8
8
8
17
2
0
9
17
2
2
2
0
0
13
13
10
10
10
10
0
25
0
16
16
1
1
0
2
21
0
0
0
0
2
2
2
9
9
8
8
8
17
17
17
17
17
17
17
17
8
18
18
18
6
6
6
6
6
6
6
6
2
2
2
17
17
17
17
17
17
17
17
17
17
17
17
17
17
17
17
26
26
26
26
26
26
26
26
26
18
18
18
18
10
10
8
8
8
8
26
26
0
16
16
16
17
1
26
26
10
26
26
2
18
2
2
18
18
18
2
18
2
18
18
18
2
18
2
18
10
26
2
18
0
0
26
26
26
26
26
18
2
18
18
8
8
25
25
25
0
26
22
10
2
25
25
2
2
0
0
2
25
14
0
0
0
0
17
4
24
29
0
0
0
18
8
13
13
13
13
10
0
0
0
0
0
18
2
0
2
0
0
17
10
3
3
3
3
25
2
14
10
0
17
17
17
2
2
2
10
1
1
0
2
10
2
10
25
0
4
4
4
9
9
14
2
0
0
8
1
6
1
1
24
10
18
25
11
9
0
0
0
24
13
13
3
3
26
22
8
8
3
1
0
26
2
0
0
17
2
0
0
2
0
17
0
0
0
8
17
1
8
8
2
2
26
0
9
9
10
2
0
8
8
1
0
2
2
2
9
9
6
6
10
7
7
1
20
20
20
20
20
1
10
0
10
26
19
25
2
14
0
0
0
17
8
8
2
8
9
9
0
0
10
2
0
1
0
16
8
31
8
9
10
10
2
0
9
9
2
8
0
1
9
9
2
2
2
1
16
2
8
24
9
16
0
10
0
2
25
18
2
0
0
0
17
2
0
0
0
9
9
9
9
2
2
2
15
0
0
0
10
10
10
1
8
17
17
17
17
8
16
16
16
16
25
25
25
25
25
25
25
2
2
2
2
10
10
10
10
10
10
10
10
10
10
10
10
10
10
10
10
10
10
10
10
10
10
10
0
8
9
14
26
30
26
26
26
18
18
18
18
2
18
2
18
18
18
18
2
18
2
2
18
26
0
18
18
18
18
18
26
26
26
26
26
18
2
26
18
18
18
18
2
18
2
18
2
18
18
10
18
10
26
26
18
18
18
26
26
2
18
2
18
2
2
26
18
18
2
26
26
18
10
26
18
10
30
30
18
18
10
18
2
18
18
18
18
18
18
18
18
26
18
2
26
26
18
18
18
18
18
26
18
18
18
18
18
2
18
2
18
18
2
18
2
26
26
0
18
18
18
18
9
22
6
6
4
4
25
10
2
2
18
18
2
18
18
26
10
10
18
18
18
0
18
2
2
18
18
26
26
26
18
18
26
26
26
18
2
18
18
2
18
2
18
10
10
2
18
2
18
18
18
18
18
26
2
18
1
18
18
18
2
8
18
18
2
18
10
8
18
18
18
18
2
18
18
18
2
26
26
26
18
2
18
2
