[~ Mario AI Benchmark ~ 0.1.9]
32.0 32.0 2
32.0 35.0 2
32.0 40.55 2
32.0 48.267498 2
32.6 57.827374 2
33.733997 68.95327 2
35.343258 81.41028 2
37.3755 94.99873 2
39.784195 109.54893 2
42.52793 124.91659 2
45.56986 140.97911 2
48.877174 157.63225 2
52.420685 174.78741 2
56.174408 192.36931 2
60.115223 210.31392 2
64.22255 223.0 2
68.478065 223.0 2
72.26548 223.0 2
75.63628 223.0 2
78.636284 223.0 2
81.30629 223.0 2
83.682594 223.0 2
85.79751 223.0 2
88.27978 223.0 2
91.089 223.0 2
94.18921 223.0 2
97.54839 223.0 2
101.13807 223.0 2
104.93288 209.7 2
108.910255 196.4 2
113.050125 185.0 2
117.33461 178.31 2
121.7478 175.6235 2
126.27554 176.33998 2
130.90523 179.94899 2
135.62566 186.01665 2
139.82683 194.17415 2
143.56587 204.10803 2
146.29362 217.0 2
148.12132 201.8 2
149.14798 191.88 2
150.0617 186.448 2
150.87492 184.8308 2
151.59868 186.45618 2
152.24283 190.83775 2
152.81612 197.56209 2
153.32634 206.27777 2
153.32634 217.0 2
153.32634 201.8 2
153.32634 191.88 2
153.32634 186.448 2
153.32634 184.8308 2
153.32634 186.45618 2
153.32634 190.83775 2
153.32634 197.56209 2
153.92635 206.27777 2
155.06035 216.68611 2
156.6696 223.0 2
158.70184 223.0 2
161.11053 223.0 2
163.85428 223.0 2
166.89621 209.7 2
170.20352 196.4 2
173.74704 185.0 2
177.50076 175.5 2
181.44157 170.425 2
185.5489 169.11125 2
189.80443 170.99457 2
194.19183 175.59538 2
198.69662 182.50607 2
202.70589 191.38016 2
206.27414 201.92313 2
209.44987 207.0 2
212.27629 207.0 2
214.7918 207.0 2
217.0306 207.0 2
219.62312 207.0 2
222.53047 207.0 2
225.71802 207.0 2
229.15494 207.0 2
232.8138 193.7 2
236.67018 180.4 2
240.70236 169.0 2
244.891 162.31 2
248.6189 159.6235 2
251.93672 160.33998 2
254.88959 163.94899 2
257.51764 170.01665 2
259.8566 178.17415 2
261.93826 188.10803 2
263.79095 191.0 2
265.43985 191.0 2
266.90738 191.0 2
268.21347 191.0 2
269.9759 177.7 2
272.14444 164.4 2
274.67444 156.095 2
277.52615 152.03575 2
280.66418 151.58539 2
284.05704 154.20258 2
287.07666 159.42719 2
289.76413 166.8681 2
292.15598 176.19289 2
294.28473 187.11896 2
296.17932 201.0 2
297.8655 185.8 2
299.3662 175.88 2
300.70184 170.448 2
301.89053 168.8308 2
302.9485 170.45618 2
303.89005 174.83775 2
304.72806 181.56209 2
305.47388 190.27777 2
306.13766 200.68611 2
306.72842 207.0 2
307.2542 207.0 2
307.2542 207.0 2
307.2542 207.0 2
307.2542 207.0 2
307.85422 207.0 2
308.98822 207.0 2
310.59747 207.0 2
312.6297 193.7 2
315.0384 180.4 2
315.0 169.0 2
315.6 159.5 2
316.734 152.0 2
318.34326 155.0 2
320.3755 159.0 2
322.78418 159.0 2
325.52792 159.0 2
328.56985 159.0 2
331.87717 159.0 2
335.4207 159.0 2
339.1744 159.0 2
343.11523 160.7792 2
347.22256 169.0 2
347.0 153.8 2
347.0 143.88 2
347.0 138.448 2
347.0 136.8308 2
347.6 138.45618 2
348.734 142.83775 2
350.34326 149.56209 2
352.3755 158.27777 2
354.78418 159.0 2
357.52792 159.0 2
360.56985 159.0 2
363.87717 159.0 2
367.4207 159.0 2
371.1744 159.0 2
375.11523 162.92549 2
379.22256 169.26216 2
383.4781 175.0 2
387.8655 175.0 2
392.3703 175.0 2
396.97958 175.0 2
401.68182 175.0 2
406.46683 175.0 2
411.32547 175.0 2
416.24966 175.0 2
421.2322 177.28516 2
426.26666 182.22754 2
431.34732 189.42856 2
435.8691 198.54942 2
439.29352 209.30215 2
441.74124 221.44199 2
443.3197 223.0 2
444.12454 223.0 2
444.12454 223.0 2
443.52454 223.0 2
442.99054 223.0 2
442.99054 223.0 2
443.59055 223.0 2
444.72455 223.0 2
446.3338 223.0 2
448.36603 223.0 2
450.1747 223.0 2
451.78445 223.0 2
453.21713 223.0 2
454.49222 223.0 2
456.22702 223.0 2
458.371 223.0 2
460.87915 223.0 2
463.7114 223.0 2
466.8321 223.0 2
469.60953 223.0 2
472.08145 223.0 2
474.28146 223.0 2
476.23947 223.0 2
478.5821 223.0 2
481.26703 223.0 2
484.25662 223.0 2
487.51736 223.0 2
491.0194 209.7 2
494.73624 196.4 2
498.64423 185.0 2
502.72232 175.5 2
506.95184 167.9 2
511.3161 164.43999 2
515.8003 164.499 2
520.39124 167.54915 2
525.07715 173.14177 2
529.8476 180.89551 2
534.6933 190.48618 2
539.606 201.63824 2
543.97833 214.11751 2
547.8697 223.0 2
551.333 223.0 2
553.81537 223.0 2
555.4246 223.0 2
556.2569 223.0 2
556.2569 223.0 2
555.6569 209.7 2
554.52295 196.4 2
552.9137 185.0 2
551.48145 178.31 2
550.2067 175.6235 2
549.07227 176.33998 2
548.06256 179.94899 2
548.06256 186.01665 2
548.66254 194.17415 2
549.7965 204.10803 2
550.8058 217.0 2
551.70404 201.8 2
553.10345 191.88 2
554.949 186.448 2
557.19147 184.8308 2
559.7873 186.45618 2
562.6976 190.83775 2
565.8877 197.56209 2
569.3269 206.27777 2
572.9878 216.68611 2
576.846 223.0 2
580.8798 223.0 2
585.0699 223.0 2
589.39905 223.0 2
593.852 223.0 2
598.41516 209.7 2
603.07635 196.4 2
607.8248 185.0 2
612.65094 178.31 2
617.5462 175.6235 2
622.503 176.33998 2
626.91455 179.94899 2
630.8408 186.01665 2
634.3352 191.0 2
637.4452 191.0 2
640.2131 191.0 2
642.6765 191.0 2
645.469 191.0 2
648.55426 191.0 2
651.90015 191.0 2
655.478 191.0 2
659.2623 191.0 2
663.23035 177.7 2
667.3619 164.4 2
671.6389 153.0 2
676.04553 143.5 2
680.5674 135.9 2
685.19183 132.43999 2
689.9076 132.499 2
694.70465 135.54915 2
699.57404 141.14177 2
704.50775 148.89551 2
709.4988 158.48618 2
714.5408 169.63824 2
719.6282 185.0 2
724.7559 169.8 2
729.9196 159.88 2
735.11536 154.448 2
740.33954 152.8308 2
745.58905 154.45618 2
750.2611 158.83775 2
754.41925 165.56209 2
758.12 174.27777 2
761.41364 184.68611 2
763.0 191.0 2
763.0 191.0 2
763.0 191.0 2
763.0 191.0 2
763.0 191.0 2
763.0 177.7 2
763.0 164.4 2
763.0 153.0 2
763.0 146.31 2
763.6 143.6235 2
764.73395 144.33998 2
765.7432 147.94899 2
766.6415 154.01665 2
767.4409 162.17415 2
768.1524 172.10803 2
769.3856 175.0 2
771.0832 175.0 2
773.19403 175.0 2
775.67267 175.0 2
778.47864 175.0 2
781.576 175.0 2
784.9326 175.0 2
788.52 175.0 2
792.3128 161.7 2
796.2884 148.4 2
800.42664 137.0 2
804.7097 127.5 2
809.12164 122.425 2
813.64825 121.11125 2
818.2769 122.99457 2
822.99646 127.59538 2
827.7968 134.50607 2
832.6691 143.38016 2
837.6055 153.92313 2
842.59894 165.88466 2
847.64307 175.0 2
852.7323 175.0 2
857.86176 175.0 2
863.027 175.0 2
868.224 175.0 2
873.44934 175.0 2
878.6999 175.0 2
883.9729 175.0 2
889.26587 178.58797 2
894.5766 184.63774 2
899.30316 192.78004 2
903.5098 202.701 2
907.2537 207.0 2
910.5858 207.0 2
913.5514 207.0 2
916.7907 207.0 2
920.27374 207.0 2
923.97363 193.7 2
927.8665 180.4 2
931.9312 169.0 2
936.1488 159.5 2
940.50244 154.425 2
944.9772 153.11125 2
949.5597 154.99457 2
954.2381 159.59538 2
959.0019 166.50607 2
963.8417 175.38016 2
968.7491 185.92313 2
973.7167 197.88466 2
978.73785 207.0 2
983.8067 207.0 2
988.31793 207.0 2
992.33295 207.0 2
995.9063 207.0 2
999.0866 207.0 2
1001.91705 207.0 2
1004.43616 207.0 2
1006.67816 207.0 2
1008.6735 207.0 2
1010.4494 207.0 2
1012.02997 207.0 2
1014.0367 207.0 2
1016.4226 193.7 2
1019.1461 184.0 2
1022.17004 187.0 2
1025.4613 192.55 2
1028.9906 201.0 2
1032.7316 185.8 2
1036.6611 184.0 2
1040.7584 187.0 2
1044.405 192.55 2
1047.6505 200.2675 2
1050.539 207.0 2
1053.1096 207.0 2
1055.3976 207.0 2
1057.4338 207.0 2
1059.2461 207.0 2
1060.859 193.7 2
1062.2946 180.4 2
1063.5721 169.0 2
1064.7092 159.5 2
1065.7212 151.9 2
1066.6218 148.43999 2
1067.4235 148.499 2
1067.0 151.54915 2
1067.0 157.14177 2
1067.0 164.89551 2
1067.0 174.48618 2
1067.0 185.63824 2
1067.0 198.11751 2
1067.0 207.0 2
1067.0 207.0 2
1067.0 207.0 2
1067.0 193.7 2
1067.0 180.4 2
1067.0 169.0 2
1067.0 159.5 2
1067.0 151.9 2
1067.0 146.2 2
1067.6 142.4 2
1068.734 142.17 2
1070.3433 143.0 2
1072.3755 143.0 2
1074.7842 143.0 2
1077.528 143.0 2
1080.5698 143.0 2
1083.8772 143.0 2
1087.4207 143.0 2
1091.1744 129.7 2
1095.1152 116.399994 2
1099.2225 104.99999 2
1103.478 95.49999 2
1107.8655 87.899994 2
1112.3702 84.439995 2
1116.9795 84.49899 2
1121.6818 87.54914 2
1126.4668 93.14177 2
1131.3254 100.8955 2
1136.2496 110.486176 2
1141.2322 121.638245 2
1146.2666 134.11751 2
1151.3473 147.72488 2
1156.4691 162.29115 2
1161.6276 177.67249 2
1166.8185 193.74661 2
1172.0385 210.40962 2
1177.2842 223.0 2
1182.5529 223.0 2
1187.842 223.0 2
1193.1494 223.0 2
1198.473 223.0 2
1203.811 223.0 2
1208.5618 223.0 2
1212.7899 209.7 2
1216.553 196.4 2
1219.9021 185.0 2
1222.8828 184.0 2
1225.5356 187.0 2
1227.8967 192.55 2
1229.998 200.2675 2
1231.8683 207.0 2
1233.5327 207.0 2
1235.014 207.0 2
1236.3325 207.0 2
1237.5059 207.0 2
1238.5502 207.0 2
1239.4796 207.0 2
1240.9069 193.7 2
1242.7771 180.4 2
1245.0416 169.0 2
1247.657 159.5 2
1250.5847 154.425 2
1253.7904 153.11125 2
1256.6434 154.99457 2
1259.1826 159.59538 2
1261.4425 166.50607 2
1263.4539 175.38016 2
1265.2439 185.92313 2
1266.837 201.0 2
1268.2549 185.8 2
1269.5168 175.88 2
1270.64 170.448 2
1271.6396 168.8308 2
1272.5293 170.45618 2
1273.321 174.83775 2
1274.0258 181.56209 2
1274.653 190.27777 2
1275.2112 200.68611 2
1275.2112 207.0 2
1275.2112 207.0 2
1275.2112 207.0 2
1275.8112 193.7 2
1276.9452 180.4 2
1278.5544 169.0 2
1280.5867 159.5 2
1282.9954 151.9 2
1285.7391 148.43999 2
1288.781 148.499 2
1291.0 151.54915 2
1291.6 157.14177 2
1291.0 164.89551 2
1291.6 174.48618 2
1291.0 185.63824 2
1291.0 198.11751 2
1291.0 207.0 2
1291.6 207.0 2
1292.734 207.0 2
1294.3433 207.0 2
1296.3755 207.0 2
1298.1842 207.0 2
1299.794 207.0 2
1301.2266 207.0 2
1302.5016 207.0 2
1303.6364 207.0 2
1304.6464 207.0 2
1306.1453 207.0 2
1308.0792 207.0 2
1310.4005 207.0 2
1313.0664 207.0 2
1316.0391 208.18866 2
1319.2848 217.0 2
1322.7734 201.8 2
1323.0 191.88 2
1323.6 186.448 2
1324.734 184.8308 2
1326.3433 186.45618 2
1328.3755 190.83775 2
1330.7842 191.0 2
1333.528 191.0 2
1336.5698 191.0 2
1339.8772 191.0 2
1343.4207 191.0 2
1347.1744 191.0 2
1351.1152 191.0 2
1355.2225 191.0 2
1359.478 191.0 2
1363.8655 191.0 2
1367.7703 191.0 2
1371.2455 191.0 2
1374.3385 191.0 2
1377.0913 191.0 2
1380.1412 191.0 2
1383.4557 177.7 2
1387.0056 164.4 2
1390.765 153.0 2
1394.7108 143.5 2
1398.2227 138.425 2
1401.3481 137.11125 2
1404.1299 138.99457 2
1406.6056 143.59538 2
1408.809 150.50607 2
1410.77 159.38016 2
1412.5154 169.92313 2
1414.0687 181.88466 2
1414.8512 191.0 2
1414.8512 191.0 2
1414.2512 191.0 2
1413.7172 191.0 2
1413.7172 191.0 2
1413.7172 191.0 1
1413.7172 191.0 1
1413.7172 191.0 1
1413.7172 191.0 1
1413.1172 191.0 1
1411.9832 191.0 1
1410.3739 191.0 1
1408.3417 191.0 1
1405.933 191.0 1
1403.1892 191.0 1
1400.7473 191.0 1
1398.574 191.0 1
1396.6398 191.0 1
1394.9183 191.0 1
1393.3862 177.7 1
1392.0227 164.4 1
1390.8091 153.0 1
1389.729 146.31 1
1388.7677 143.6235 1
1387.9121 144.33998 1
1387.1506 147.94899 1
1386.4729 154.01665 1
1385.8698 162.17415 1
1385.333 172.10803 1
1385.333 185.0 1
1385.333 169.8 1
1385.333 159.88 1
1385.333 154.448 1
1385.333 152.8308 1
1385.333 154.45618 1
1385.333 158.83775 1
1385.333 165.56209 1
1385.333 174.27777 1
1385.333 184.68611 1
1385.333 191.0 1
1385.333 191.0 1
1385.333 191.0 1
1385.333 191.0 1
1385.333 191.0 1
1385.333 191.0 1
1385.933 177.7 1
1387.067 164.4 1
1388.6763 153.0 1
1390.7085 143.5 1
1393.1172 138.425 1
1395.861 137.11125 1
1398.9028 138.99457 1
1401.6101 143.59538 1
1404.0197 150.50607 1
1406.1641 159.38016 1
1408.0726 169.92313 1
1409.7712 185.0 1
1411.2831 169.8 1
1412.6285 159.88 1
1413.826 154.448 1
1414.8918 152.8308 1
1415.8403 154.45618 1
1417.2845 158.83775 1
1419.1699 165.56209 1
1421.4479 174.27777 1
1424.0752 184.68611 1
1427.0135 191.0 1
1430.2286 191.0 1
1433.6901 191.0 1
1437.3707 191.0 1
1441.2466 191.0 1
1445.296 191.0 1
1449.5001 191.0 1
1453.8417 191.0 1
1458.3057 191.0 1
1462.8787 191.0 1
1467.5486 191.0 1
1472.3048 191.0 1
1477.138 191.0 1
1482.0394 191.0 1
1487.0017 191.0 1
1492.0182 177.7 1
1497.0828 164.4 1
1502.1903 153.0 1
1507.3359 146.31 1
1512.5156 143.6235 1
1517.7255 144.33998 1
1522.9623 147.94899 1
1528.223 154.01665 1
1532.9052 162.17415 1
1537.0721 172.10803 1
1540.7808 175.0 1
1544.0814 175.0 1
1547.019 175.0 1
1550.2335 175.0 1
1553.6945 175.0 1
1557.3746 175.0 1
1561.25 161.7 1
1565.2991 148.4 1
1569.5028 137.0 1
1573.8441 130.31 1
1578.3079 127.6235 1
1582.8806 128.33997 1
1586.9503 131.94897 1
1590.5724 138.01663 1
1593.796 146.17413 1
1596.665 156.10802 1
1599.2185 167.55182 1
1601.4911 175.0 1
1603.5137 175.0 1
1605.3137 175.0 1
1606.9158 175.0 1
1608.3417 175.0 1
1609.6107 175.0 1
1610.7401 175.0 1
1611.7452 161.7 1
1612.6399 148.4 1
1614.0361 137.0 1
1615.8788 127.5 1
1618.1188 119.9 1
1620.7123 114.200005 1
1623.6205 112.355 1
1626.8088 113.78675 1
1630.2465 118.00374 1
1633.3059 124.58818 1
1636.0288 127.0 1
1638.4523 127.0 1
1640.6091 127.0 1
1643.1287 127.0 1
1645.9711 113.7 1
1649.1008 100.399994 1
1652.4863 88.99999 1
1656.0994 79.49999 1
1659.915 71.899994 1
1663.911 66.2 1
1668.0674 62.399998 1
1672.3666 60.499996 1
1676.7928 61.884995 1
1681.3323 63.0 1
1685.3723 63.0 1
1688.9679 63.0 1
1692.168 63.0 1
1695.0161 63.0 1
1698.1509 63.0 1
1701.5409 63.0 1
1705.158 63.0 1
1708.9772 63.0 1
1712.9763 63.0 1
1717.1355 63.0 1
1721.4371 63.0 1
1725.8656 63.0 1
1730.407 63.0 1
1735.0488 63.0 1
1739.78 63.0 1
1744.5908 63.0 1
1749.4724 63.0 1
1754.417 49.7 1
1759.4177 36.4 1
1764.4684 25.000002 1
1769.5635 15.500002 1
1774.6981 10.425002 1
1779.8679 9.111252 1
1785.0691 10.994564 1
1790.2981 15.59538 1
1795.5519 22.506073 1
1800.8278 31.380161 1
1806.1233 31.0 1
1811.4363 31.0 1
1816.7649 31.0 1
1822.1073 31.0 1
1827.462 31.0 1
1832.2278 31.0 1
1836.4694 31.0 1
1840.2443 17.7 1
1843.604 4.4000006 1
1846.5941 -6.999999 1
1849.2554 -16.5 1
1851.6239 -21.575 1
1853.7318 -22.88875 1
1855.6079 -21.005438 1
1857.2776 -16.404621 1
1859.3636 -9.493928 1
1861.8202 -0.6198387 1
1864.6066 9.923138 1
1867.6864 21.884666 1
1871.0275 31.0 1
1874.6011 31.0 1
1877.7815 31.0 1
1880.612 31.0 1
1883.1313 31.0 1
1883.0 31.0 1
1883.0 17.7 1
1883.0 4.4000006 1
1883.0 -6.999999 1
1883.0 -16.5 1
1883.0 -21.575 1
1883.6 -22.88875 1
1884.734 -21.005438 1
1886.3433 -1.0 1
1899.0 2.9106934 1
1899.0 9.234783 1
1899.0 15.0 1
1899.0 15.0 1
1899.0 15.0 1
1899.0 15.0 1
1899.0 15.0 1
1899.0 15.0 1
1899.6 15.0 1
1899.0 15.0 1
1899.6 15.0 1
1899.0 15.0 1
1899.6 1.6999998 1
1899.0 -11.6 1
1899.6 -23.0 1
1900.734 -32.5 1
1902.3433 -40.1 1
1904.3755 -45.8 1
1906.7842 -49.6 1
1909.528 -51.5 1
1912.5698 -50.115 1
1915.8772 -45.93775 1
1919.4207 -39.38709 1
1923.1744 -30.819025 1
1927.1152 -20.536171 1
1931.2225 -8.795745 1
1935.478 4.1836176 1
1939.8655 18.216076 1
1944.3702 33.143665 1
1948.9795 48.832115 1
1953.6818 65.1673 1
1957.8668 82.0522 1
1961.5914 99.40437 1
1964.9064 111.0 1
1967.8567 111.0 1
1970.4824 111.0 1
1972.8193 111.0 1
1974.8992 111.0 1
1976.7502 111.0 1
1978.3977 111.0 1
1979.8639 111.0 1
1981.1688 111.0 1
1982.3302 111.0 1
1983.3639 111.0 1
1984.2838 111.0 1
1984.2838 111.0 1
1983.6838 111.0 1
1982.5498 111.0 1
1980.9406 111.0 1
1978.9083 111.0 1
1976.4996 111.0 1
1973.7559 111.0 1
1970.714 111.0 1
1967.4066 111.0 1
1963.8632 111.58476 1
1960.7095 115.08181 1
1958.5027 121.0543 1
1957.1387 129.1309 1
1956.5247 138.99603 1
1956.5247 150.3814 1
1957.1246 169.0 1
1958.2587 153.8 1
1959.8679 143.88 1
1961.3002 138.448 1
1962.5748 136.8308 1
1963.7094 138.45618 1
1963.0 142.83775 1
1963.0 149.56209 1
1963.0 158.27777 1
1963.0 168.68611 1
1963.0 175.0 1
1963.0 175.0 1
1963.0 175.0 1
1963.0 175.0 1
1963.0 175.0 1
1962.4 175.0 1
1961.266 175.0 1
1959.6567 175.0 1
1957.6245 175.0 1
1955.2158 175.0 1
1952.472 175.0 1
1949.4302 175.0 1
1946.1228 175.0 1
1942.5793 175.0 1
1938.8256 175.0 1
1934.8848 175.0 1
1930.7775 175.0 1
1926.522 175.0 1
1922.1345 175.0 1
1917.6298 175.0 1
1913.0205 175.45918 1
1908.3182 178.84949 1
1903.5332 184.73125 1
1898.6746 192.73074 1
1893.7504 201.0 1
1892.0 185.8 1
1891.4 175.88 1
1890.266 170.448 1
1888.6567 168.8308 1
1886.6245 170.45618 1
1884.2158 174.83775 1
1881.472 181.56209 1
1878.4302 190.27777 1
1875.1228 191.0 1
1871.5793 191.0 1
1867.8256 191.0 1
1863.8848 191.0 1
1859.7775 191.0 1
1855.522 191.0 1
1851.1345 194.92549 1
1846.6298 201.0 1
1842.0205 185.8 1
1837.3182 175.88 1
1832.5332 170.448 1
1827.6746 168.8308 1
1822.7504 170.45618 1
1817.7678 174.83775 1
1812.7334 181.56209 1
1807.6527 190.27777 1
1802.5309 201.0 1
1797.3724 185.8 1
1792.1815 175.88 1
1786.9615 170.448 1
1781.7158 168.8308 1
1776.4471 170.45618 1
1771.158 174.83775 1
1765.8506 181.56209 1
1760.527 190.27777 1
1755.189 201.0 1
1749.8381 185.8 1
1744.476 175.88 1
1739.1036 170.448 1
1733.7223 168.8308 1
1728.3329 170.45618 1
1722.9363 174.83775 1
1717.5333 185.0 1
1712.1246 169.8 1
1706.7109 168.0 1
1701.2927 171.0 1
1695.8705 176.55 1
1690.4447 185.0 1
1685.0157 169.8 1
1679.584 168.0 1
1674.1498 171.0 1
1668.7133 176.55 1
1663.2748 184.2675 1
1657.8346 191.0 1
1652.3928 191.0 1
1646.9496 191.0 1
1641.5051 201.0 1
1636.0596 185.8 1
1636.0 175.88 1
1635.4 170.448 1
1634.266 168.8308 1
1633.2567 170.45618 1
1632.3585 174.83775 1
1631.5591 175.0 1
1630.8475 175.0 1
1630.2144 175.0 1
1629.6508 175.0 1
1629.1492 175.0 1
1629.1492 175.0 1
1629.1492 175.0 1
1629.1492 175.0 1
1629.1492 175.0 1
1629.1492 175.0 1
1629.1492 175.0 1
1629.1492 175.0 1
1628.5492 175.0 1
1627.4152 175.0 1
1625.8059 175.0 1
1623.7737 175.0 1
1621.965 175.0 1
1620.9552 161.7 1
1620.9552 148.4 1
1621.5552 137.0 1
1622.6892 127.5 1
1624.2985 122.425 1
1626.3307 121.11125 1
1628.7394 122.99457 1
1631.4832 127.0 1
1634.525 127.0 1
1637.8324 127.0 1
1640.7759 127.0 1
1643.3956 127.0 1
1646.3271 113.7 1
1649.5363 100.399994 1
1652.9923 88.99999 1
1656.6682 79.49999 1
1660.5398 71.899994 1
1664.5854 66.2 1
1668.7861 62.399998 1
1673.1248 60.499996 1
1677.586 61.884995 1
1682.1566 63.0 1
1686.2245 63.0 1
1689.8448 63.0 1
1693.067 63.0 1
1696.5347 63.0 1
1700.221 63.0 1
1704.1017 63.0 1
1708.1555 63.0 1
1712.3635 63.0 1
1716.7086 63.0 1
1721.1758 63.0 1
1725.7515 63.0 1
1730.4238 63.0 1
1735.1823 63.0 1
1740.0172 63.0 1
1744.9204 63.0 1
1749.8843 49.7 1
1754.9021 36.4 1
1759.9679 25.000002 1
1765.0765 15.500002 1
1770.2231 7.900002 1
1775.4037 4.440002 1
1780.6144 4.4990015 1
1785.8518 7.5491514 1
1791.1132 13.141779 1
1796.3958 20.895512 1
1801.6973 30.486185 1
1807.0156 31.0 1
1812.349 31.0 1
1817.6957 31.0 1
1823.0542 31.0 1
1828.4233 31.0 1
1833.8019 17.7 1
1839.1887 4.4000006 1
1844.583 -6.999999 1
1849.9839 -16.5 1
1855.3907 -21.575 1
1860.2029 -22.88875 1
1864.4856 -21.005438 1
1868.2972 -16.404621 1
1871.6896 -9.493928 1
1874.7087 -0.6198387 1
1877.3959 9.923138 1
1879.7874 21.884666 1
1881.9158 31.0 1
1883.81 31.0 1
1883.0 31.0 1
1883.0 31.0 1
1883.0 31.0 1
1883.0 31.0 1
1883.0 31.0 1
1883.0 31.0 1
1883.0 17.7 1
1883.6 4.4000006 1
1883.0 -6.999999 1
1883.6 -13.689999 1
1883.0 -16.3765 1
1883.6 -15.660024 1
1883.0 -12.05102 1
1883.0 -5.983366 1
1883.0 2.17414 1
1883.0 12.10802 1
1883.0 23.551819 1
1883.0 31.0 1
1883.0 31.0 1
1883.0 31.0 1
1883.0 31.0 1
1883.0 31.0 1
1883.0 31.0 1
1883.6 31.0 1
1883.0 17.7 1
1883.6 4.4000006 1
1883.0 -6.999999 1
1883.6 -16.5 1
1884.734 -24.1 1
1886.3433 -29.8 1
1888.3755 -31.644999 1
1890.7842 -30.21325 1
1892.928 -25.996262 1
1894.8359 -19.411823 1
1896.5339 -1.0 1
1898.0452 6.307257 1
1899.3901 15.0 1
1899.0 15.0 1
1899.0 15.0 1
1899.0 15.0 1
1899.0 15.0 1
1899.0 15.0 1
1899.0 15.0 1
1899.0 15.0 1
1899.0 15.0 1
1899.0 1.6999998 1
1899.0 -11.6 1
1899.6 -23.0 1
1900.734 -32.5 1
1902.3433 -37.575 1
1904.3755 -38.888752 1
1906.1842 -37.00544 1
1907.794 -32.404625 1
1909.2266 -25.49393 1
1910.5016 -1.0 1
1911.6364 6.542976 1
1912.6464 15.0 1
1913.5453 15.0 1
1914.3453 15.0 1
1915.0574 15.0 1
1915.691 15.0 1
1916.255 15.0 1
1916.757 15.0 1
1916.757 15.0 1
1916.757 15.0 1
1916.757 15.0 1
1916.757 15.0 1
1916.757 15.0 1
1916.757 15.0 1
1916.757 15.0 1
1916.757 15.0 1
1916.757 15.0 1
1917.3569 1.6999998 1
1918.491 -11.6 1
1920.1002 -23.0 1
1922.1324 -32.5 1
1924.5411 -40.1 1
1927.2849 -43.559998 1
1930.3268 -43.501 1
1933.6342 -40.45085 1
1937.1776 -34.858223 1
1940.9314 -27.104488 1
1944.8722 -17.513815 1
1948.9795 -6.361742 1
1953.235 6.1175203 1
1957.6224 19.724894 1
1962.1272 34.29116 1
1966.7365 47.0 1
1970.8387 47.0 1
1974.4897 47.0 1
1977.7391 47.0 1
1980.6311 47.0 1
1983.205 47.0 1
1985.4957 47.0 1
1987.5344 47.0 1
1989.3489 47.0 1
1990.9637 47.0 1
1993.001 47.0 1
1995.4142 47.0 1
1998.1619 47.0 1
2001.2073 47.0 1
2004.5177 47.0 1
2008.064 47.0 1
2011.8202 47.0 1
2015.7632 47.0 1
2019.8724 33.7 1
2024.1298 20.400002 1
2028.5187 9.000002 1
2033.0249 -0.4999981 1
2037.6354 -8.099998 1
2042.3387 -11.5599985 1
2047.1248 -11.5009985 1
2051.9844 -8.450849 1
2056.9094 -2.858221 1
2061.8926 4.8955126 1
2066.9277 14.486186 1
2072.009 25.63826 1
2077.1313 38.117523 1
2082.2903 47.0 1
2087.4817 47.0 1
2092.702 47.0 1
2097.948 47.0 1
2103.217 47.0 1
2108.5063 47.0 1
2113.814 47.0 1
2119.1377 47.0 1
2124.4758 47.0 1
2129.8267 47.0 1
2135.189 47.0 1
2140.5615 47.0 1
2145.943 47.0 1
2151.3328 47.0 1
2156.7295 47.0 1
2162.1326 47.0 1
2167.5413 33.7 1
2172.955 20.400002 1
2178.3733 9.000002 1
2183.7954 2.3100023 1
2189.2212 -0.37649727 1
2194.6501 0.33997798 1
2200.082 3.948982 1
2205.5164 10.016636 1
2210.953 18.17414 1
2216.3914 28.10802 1
2221.8315 39.55182 1
2227.2734 52.279045 1
2232.7166 66.09719 1
2238.1611 80.84261 1
2243.6067 96.37622 1
2249.0532 112.57979 1
2254.5007 127.0 1
2259.949 127.0 1
2265.398 127.0 1
2270.8474 127.0 1
2276.2976 127.0 1
2281.7483 127.0 1
2287.1992 127.0 1
2292.6506 132.37704 1
2298.1023 139.94754 1
2299.0 149.38246 1
2299.6 160.40215 1
2299.0 172.76888 1
2299.6 186.2806 1
2300.7341 191.0 1
2301.7434 191.0 1
2302.6416 191.0 1
2303.441 191.0 1
2304.1523 191.0 1
2304.7856 191.0 1
2305.9492 191.0 1
2307.5847 191.0 1
2309.6404 194.94702 1
2312.0698 201.30199 1
2314.2322 207.0 1
2316.1567 207.0 1
2317.8694 207.0 1
2319.3938 207.0 1
2320.7505 207.0 1
2321.958 207.0 1
2323.6326 207.0 1
2325.723 207.0 1
2328.1833 207.0 1
2330.9731 207.0 1
2331.0 193.7 1
2331.6 180.4 1
2332.7341 169.0 1
2334.3435 168.0 1
2336.3757 171.0 1
2338.7844 176.55 1
2341.528 184.2675 1
2343.97 191.0 1
2346.1433 191.0 1
2348.0776 191.0 1
2349.799 191.0 1
2351.3313 191.0 1
2352.6948 191.0 1
2353.9084 191.0 1
2355.5886 191.0 1
2357.6838 191.0 1
2360.1487 191.0 1
2362.9424 191.0 1
2366.0288 191.0 1
2369.3757 191.0 1
2372.9543 191.0 1
2376.7395 191.0 1
2380.7083 191.0 1
2384.8403 191.0 1
2389.118 191.0 1
2393.525 191.0 1
2398.047 191.0 1
2402.6719 191.0 1
2407.388 191.0 1
2412.1853 191.0 1
2417.055 191.0 1
2421.989 191.19342 1
2426.9802 194.35783 1
2427.0 201.0 1
2427.6 185.8 1
2428.7341 184.0 1
2430.3435 187.0 1
2432.3757 191.0 1
2434.7844 191.0 1
2437.528 191.0 1
2440.57 191.0 1
2443.8774 191.0 1
2447.421 191.0 1
2451.1746 191.0 1
2455.1155 192.7792 1
2459.223 197.29153 1
2459.0 204.12701 1
2459.6 207.0 1
2459.0 207.0 1
2459.6 207.0 1
2459.0 207.0 1
2459.6 207.0 1
2459.0 193.7 1
2459.6 184.0 1
2460.7341 187.0 1
2462.3435 191.0 1
2464.3757 191.0 1
2466.7844 191.0 1
2469.528 191.0 1
2472.57 191.0 1
2475.8774 191.0 1
2479.421 191.0 1
2483.1746 191.0 1
2487.1155 192.51233 1
2491.223 196.7978 1
2491.0 203.44046 1
2491.6 207.0 1
2491.0 207.0 1
2491.6 207.0 1
2491.0 207.0 1
2491.6 207.0 1
2491.0 207.0 1
2491.6 207.0 1
2491.0 207.0 1
2491.6 207.0 1
2491.0 193.7 1
2491.6 184.0 1
2492.7341 187.0 1
2494.3435 191.0 1
2496.3757 191.0 1
2498.7844 191.0 1
2501.528 191.0 1
2504.57 191.0 1
2507.8774 191.0 1
2511.421 191.0 1
2515.1746 191.0 1
2519.1155 192.51233 1
2523.223 201.0 1
2523.0 185.8 1
2523.6 184.0 1
2524.7341 187.0 1
2526.3435 191.0 1
2528.3757 191.0 1
2530.7844 191.0 1
2533.528 191.0 1
2536.57 191.0 1
2539.8774 191.0 1
2543.421 191.0 1
2547.1746 191.0 1
2551.1155 191.0 1
2555.223 191.0 1
2559.4785 177.7 1
2563.866 164.4 1
2568.3708 153.0 1
2572.9802 152.0 1
2577.6824 155.0 1
2582.4673 160.55 1
2587.326 168.2675 1
2592.2502 175.0 1
2597.2327 175.0 1
2602.267 175.0 1
2607.3477 175.0 1
2612.4695 175.0 1
2617.628 175.0 1
2622.8188 175.0 1
2628.0388 175.0 1
2633.2847 175.0 1
2638.5535 175.0 1
2643.8425 175.0 1
2649.15 175.0 1
2654.4734 175.0 1
2659.8113 175.0 1
2665.162 175.0 1
2670.5244 175.0 1
2675.8967 175.0 1
2681.278 175.0 1
2686.6675 175.0 1
2692.064 175.0 1
2697.467 175.0 1
2702.8757 175.0 1
2708.2896 175.0 1
2713.7078 175.0 1
2719.13 175.0 1
2724.5557 175.0 1
2729.9846 175.0 1
2735.4163 175.0 1
2740.8506 175.0 1
2746.287 175.0 1
2751.7256 175.0 1
2757.1658 175.06201 1
2762.6077 178.11472 1
2763.0 185.0 1
2763.6 169.8 1
2764.7341 159.88 1
2766.3435 154.448 1
2768.3757 152.8308 1
2770.7844 154.45618 1
2773.528 158.83775 1
2776.57 165.56209 1
2779.8774 174.27777 1
2783.421 175.0 1
2787.1746 175.0 1
2791.1155 175.0 1
2795.223 175.0 1
2799.4785 175.0 1
2803.866 175.0 1
2808.3708 175.0 1
2812.9802 175.0 1
2817.6824 175.0 1
2822.4673 175.0 1
2827.326 175.0 1
2832.2502 175.0 1
2837.2327 176.4805 1
2842.267 180.73892 1
2843.0 187.35858 1
2843.6 191.0 1
2843.0 191.0 1
2843.6 191.0 1
2843.0 191.0 1
2843.0 191.0 1
2843.0 191.0 1
2843.0 191.0 1
2843.6 177.7 1
2843.0 164.4 1
2843.6 153.0 1
2844.7341 143.5 1
2846.3435 138.425 1
2848.3757 137.11125 1
2850.7844 138.99457 1
2853.528 143.59538 1
2856.57 150.50607 1
2859.8774 159.38016 1
2863.421 169.92313 1
2867.1746 175.0 1
2871.1155 185.1673 1
2875.223 185.0 1
2879.4785 169.8 1
2883.866 159.88 1
2888.3708 154.448 1
2892.9802 152.8308 1
2897.6824 154.45618 1
2902.4673 158.83775 1
2907.326 165.56209 1
2912.2502 174.27777 1
2917.2327 185.0 1
2922.267 169.8 1
2927.3477 159.88 1
2932.4695 154.448 1
2937.628 152.8308 1
2942.8188 154.45618 1
2948.0388 158.83775 1
2953.2847 165.56209 1
2958.5535 174.27777 1
2963.8425 185.0 1
2969.15 169.8 1
2974.4734 159.88 1
2979.8113 154.448 1
2985.162 152.8308 1
2990.5244 154.45618 1
2995.8967 158.83775 1
3001.278 165.56209 1
3006.6675 174.27777 1
3012.064 175.0 1
3017.467 175.0 1
3022.8757 175.0 1
3028.2896 175.0 1
3033.7078 175.0 1
3039.13 175.0 1
3044.5557 175.0 1
3049.9846 161.7 1
3054.8164 152.0 1
3059.1167 155.0 1
3062.9438 160.55 1
3065.75 168.2675 1
3067.6475 175.0 1
3068.7363 175.0 1
3068.7363 175.0 1
3068.1362 175.0 1
3067.0022 175.0 1
3065.3928 175.0 1
3063.3606 175.0 1
3060.952 175.0 1
3058.2083 175.0 1
3055.1663 175.0 1
3051.859 175.0 1
3048.3154 175.0 1
3044.5618 175.0 1
3040.6208 175.0 1
3037.1135 161.7 1
3033.992 148.4 1
3031.8137 137.0 1
3030.475 127.5 1
3029.8838 122.425 1
3029.8838 121.11125 1
3030.484 122.99457 1
3031.0178 127.59538 1
3031.0178 134.50607 1
3031.0178 143.38016 1
3031.0178 153.92313 1
3031.0178 165.88466 1
3031.0178 175.0 1
3031.0178 175.0 1
3031.0178 175.0 1
3031.0178 161.7 1
3031.0178 148.4 1
3031.0178 137.0 1
3031.0178 127.5 1
3031.618 119.9 1
3032.752 114.200005 2
3034.3613 110.4 2
3036.3936 110.17 2
3038.8022 111.0 2
3041.546 111.0 2
3044.588 111.0 2
3047.8953 111.0 2
3051.4387 111.0 2
3055.1924 111.0 2
3059.1333 111.0 2
3063.2407 111.0 2
3067.4963 111.0 2
3071.8838 111.0 2
3076.3887 111.55213 2
3080.998 115.02145 2
3085.7002 120.97037 2
3090.485 129.02695 2
3095.3438 138.87505 2
3099.0 150.24593 2
3099.6 162.91118 2
3100.7341 175.0 2
3102.3435 175.0 2
3104.3757 175.0 2
3106.7844 175.0 2
3109.528 175.0 2
3112.57 175.0 2
3115.8774 175.0 2
3119.421 175.0 2
3123.1746 175.0 2
3127.1155 175.0 2
3131.223 175.0 2
3134.8784 175.0 2
3138.1318 175.0 2
3141.0273 176.66432 2
3143.6045 181.079 2
3145.898 187.83147 2
3147.9392 191.0 2
3149.7559 191.0 2
3151.3728 191.0 2
3152.8118 191.0 2
3154.6924 191.0 2
3156.9663 191.0 2
3159.59 191.0 2
3162.5251 191.0 2
3165.7373 191.0 2
3169.1963 191.0 2
3172.8748 177.7 2
3176.7485 164.4 2
3180.7961 153.0 2
3184.9985 152.0 2
3189.3386 155.0 2
3193.8013 160.55 2
3198.373 168.2675 2
3203.042 177.82738 2
3207.7974 185.0 2
3212.6296 169.8 2
3216.9304 159.88 2
3220.758 154.448 2
3224.1646 152.8308 2
3227.1965 154.45618 2
3229.895 158.83775 2
3232.2966 165.56209 2
3234.434 174.27777 2
3236.3364 184.68611 2
3238.0295 191.0 2
3239.5364 191.0 2
3241.4773 191.0 2
3243.805 191.0 2
3246.4763 191.0 2
3249.4539 191.0 2
3252.7039 191.0 2
3256.1965 177.7 2
3259.905 164.4 2
3263.8054 153.0 2
3267.877 143.5 2
3272.1006 135.9 2
3276.4595 132.43999 2
3280.939 132.499 2
3285.5256 135.54915 2
3290.2078 141.14177 2
3294.9749 148.89551 2
3299.8176 158.48618 2
3304.7278 169.63824 2
3309.6978 182.11751 2
3314.721 185.0 2
3319.7917 169.8 2
3324.9048 159.88 2
3330.0552 154.448 2
3335.239 152.8308 2
3340.4526 154.45618 2
3345.6929 158.83775 2
3350.9565 165.56209 2
3356.2412 174.27777 2
3361.5447 184.68611 2
3366.8647 185.0 2
3372.1997 169.8 2
3377.5476 159.88 2
3382.9072 154.448 2
3388.2773 152.8308 2
3393.6567 154.45618 2
3399.0444 158.83775 2
3404.4395 165.56209 2
3409.841 174.27777 2
3415.2485 185.0 2
3420.6611 169.8 2
3426.0784 159.88 2
3431.4998 154.448 2
3436.9248 152.8308 2
3442.353 154.45618 2
3447.7842 158.83775 2
3453.2178 165.56209 2
3458.6538 174.27777 2
3464.0918 184.68611 2
3469.5317 191.0 2
3474.9731 191.0 1
3480.416 191.0 1
3485.86 191.0 1
3491.3054 191.0 1
3496.7517 191.0 1
3502.199 191.0 1
3507.647 191.0 1
3513.0957 191.0 1
3518.5452 191.0 1
3523.995 191.0 1
3529.4456 192.98253 1
3534.8965 197.66768 1
3540.348 204.65005 1
3545.7996 217.0 1
3551.2515 201.8 1
3556.7036 191.88 1
3562.1562 186.448 1
3567.609 184.8308 1
3573.0618 186.45618 1
3578.515 190.83775 1
3583.9683 197.56209 1
3589.4216 206.27777 1
3594.8752 216.68611 1
3595.0 223.0 1
3595.0 223.0 1
3594.4 223.0 1
3593.2659 223.0 1
3591.6565 223.0 1
3589.6243 223.0 1
3588.0 223.0 1
3588.0 223.0 1
3588.0 209.7 1
3588.0 196.4 1
3587.4 185.0 1
3586.2659 184.0 1
3584.6565 187.0 1
3582.6243 192.55 1
3580.2156 200.2675 1
3578.0718 207.0 1
3576.1638 207.0 1
3574.4658 207.0 1
3572.9546 207.0 1
3571.6096 207.0 1
3570.4126 207.0 1
3569.3472 193.7 1
3568.399 184.0 1
3567.555 187.0 1
3566.804 192.55 1
3566.1355 200.2675 1
3565.5405 207.0 1
3565.011 207.0 1
3565.011 207.0 1
3565.011 207.0 1
3565.011 207.0 1
3565.011 207.0 1
3565.011 207.0 1
3565.011 207.0 1
3565.011 207.0 1
3565.011 193.7 1
3565.011 184.0 1
3565.011 187.0 1
3565.011 192.55 1
3565.011 200.2675 1
3565.011 207.0 1
3565.011 207.0 1
3565.611 207.0 1
3566.745 207.0 1
3568.3545 207.0 1
3570.3867 207.0 1
3572.7954 207.0 1
3575.539 207.0 1
3578.581 207.0 1
3581.8884 207.0 1
3585.432 207.0 1
3589.1855 208.59978 1
3593.1265 217.0 1
3595.0 201.8 1
3595.6 191.88 1
3596.7341 186.448 1
3598.3435 184.8308 1
3600.3757 186.45618 1
3602.7844 190.83775 1
3605.528 197.56209 1
3608.57 206.27777 1
3611.8774 207.0 1
3615.421 207.0 1
3619.1746 207.0 1
3623.1155 207.0 1
3627.223 207.0 1
3631.4785 207.0 1
3635.866 207.0 1
3640.3708 210.33667 1
3643.0 217.0 1
3643.6 201.8 1
3644.7341 191.88 1
3646.3435 186.448 1
3648.3757 184.8308 1
3650.7844 186.45618 1
3653.528 190.83775 1
3656.57 197.56209 1
3659.8774 206.27777 1
3659.0 207.0 1
3659.6 207.0 1
3659.0 207.0 1
3659.6 207.0 1
3659.0 207.0 1
3659.6 193.7 1
3659.0 184.0 1
3659.6 187.0 1
3660.7341 191.0 1
3662.3435 191.0 1
3664.3757 191.0 1
3666.7844 191.0 1
3669.528 191.0 1
3672.57 191.0 1
3675.8774 191.0 1
3679.421 191.0 1
3683.1746 177.7 1
3687.1155 164.4 1
3691.223 153.0 1
3695.4785 143.5 1
3699.866 138.425 1
3704.3708 137.11125 1
3708.9802 138.99457 1
3713.6824 143.59538 1
3718.4673 150.50607 1
3723.326 159.38016 1
3728.2502 169.92313 1
3732.6328 181.88466 1
3735.9333 195.05196 1
3738.2708 207.0 1
3739.751 207.0 1
3740.4685 207.0 1
3740.4685 207.0 1
3739.8684 207.0 1
3739.3345 207.0 1
3739.3345 193.7 1
3739.9346 180.4 1
3741.0686 169.0 1
3742.678 159.5 1
3744.7102 154.425 1
3747.119 153.11125 1
3749.2627 154.99457 1
3751.1707 159.59538 1
3752.8687 166.50607 1
3754.38 175.38016 1
3755.7249 185.92313 1
3756.9219 201.0 1
3757.9873 185.8 1
3758.9355 175.88 1
3759.7795 170.448 1
3760.5305 168.8308 1
3761.799 170.45618 1
3763.528 174.83775 1
3765.6667 181.56209 1
3768.1702 190.27777 1
3770.9983 201.0 1
3774.1152 185.8 1
3777.4893 175.88 1
3781.0923 170.448 1
3784.899 168.8308 1
3788.887 170.45618 1
3793.0361 174.83775 1
3797.3289 181.56209 1
3801.7495 190.27777 1
3806.284 201.0 1
3810.9194 185.8 1
3815.645 175.88 1
3820.451 170.448 1
3825.3281 168.8308 1
3830.2688 170.45618 1
3835.266 174.83775 1
3839.7136 181.56209 1
3844.272 190.27777 1
3848.929 191.0 1
3853.6736 191.0 1
3858.4963 191.0 1
3863.3887 191.0 1
3868.3428 191.0 1
3873.3518 177.7 1
3878.41 164.4 1
3883.5117 153.0 1
3888.6523 143.5 1
3893.8274 138.425 1
3899.0332 137.11125 1
3899.0 138.99457 1
3899.6 143.59538 1
3899.0 150.50607 1
3899.6 159.38016 1
3900.7341 169.92313 1
3902.3435 175.0 1
3904.3757 175.0 1
3906.7844 175.0 1
3909.528 175.0 1
3912.57 175.0 1
3915.8774 161.7 1
3919.421 152.0 1
3922.5747 155.0 1
3925.3816 160.55 1
3927.8796 168.2675 1
3930.103 175.0 1
3931.4817 175.0 1
3932.1086 175.0 1
3932.1086 175.0 1
3931.5085 175.0 1
3930.3745 175.0 1
3928.7651 175.0 1
3926.733 175.0 1
3924.3242 175.0 1
3921.5806 175.0 1
3918.5386 161.7 1
3915.8313 152.0 1
3913.4219 155.0 1
3911.2773 160.55 1
3909.3687 168.2675 1
3907.67 175.0 1
3906.758 175.0 1
3906.758 175.0 1
3907.3582 175.0 1
3908.4922 175.0 1
3910.1016 175.0 1
3912.1338 175.0 1
3914.5425 175.0 1
3917.2861 175.0 1
3920.3281 175.0 1
3923.6355 175.0 1
3927.179 175.0 1
3930.9326 175.0 1
3934.8735 175.0 1
3938.981 175.0 1
3943.2366 175.8351 1
3947.624 179.54494 1
3952.129 185.69829 1
3956.7383 191.0 1
3961.4404 191.0 1
3963.0 191.0 1
3963.6 177.7 1
3963.0 164.4 1
3963.6 153.0 1
3964.7341 152.0 1
3966.3435 155.0 1
3968.3757 160.55 1
3970.7844 168.2675 1
3973.528 175.0 1
3976.57 175.0 1
3979.8774 175.0 1
3983.421 175.0 1
3987.1746 161.7 1
3991.1155 152.0 1
3995.223 155.0 1
3999.4785 160.55 1
4003.866 168.2675 1
4008.3708 175.0 1
4012.9802 175.0 1
4017.6824 175.0 1
4022.4673 175.0 1
4027.326 175.0 1
4032.2502 175.0 1
4037.2327 161.7 1
4042.267 152.0 1
4047.3477 155.0 1
4052.4695 160.55 1
4057.628 168.2675 1
4062.219 175.0 1
4066.305 175.0 1
4069.9414 175.0 1
4073.178 175.0 1
4076.0583 175.0 1
4078.622 175.0 1
4080.9038 175.0 1
4096.0 175.0 1
Exception in thread "main" java.lang.NullPointerException
	at ch.idsia.agents.controllers.ReinforcementAgent.xpos(ReinforcementAgent.java:354)
	at ch.idsia.scenarios.Main.main(Main.java:101)
